PS C:\Users\FLORES VILLAR\Desktop\Pc2_Parcial> java CholeskyBloques      
A
519961913.00000 407509084.00000 315849854.00000 369520842.00000 368509378.00000 397114485.00000 466365863.00000 371443738.00000 356649635.00000 321655182.00000 357814415.00000 476816130.00000 
407509084.00000 421104567.00000 332262693.00000 311137959.00000 334329452.00000 350432462.00000 426471740.00000 371697971.00000 339265395.00000 332122845.00000 331175829.00000 371604232.00000 
315849854.00000 332262693.00000 308602987.00000 283523885.00000 262652770.00000 316364739.00000 345866718.00000 337512163.00000 297715441.00000 243756462.00000 275406642.00000 325167059.00000 
369520842.00000 311137959.00000 283523885.00000 479034444.00000 380720332.00000 375965118.00000 432874355.00000 386924395.00000 321887152.00000 289687363.00000 345958975.00000 404911889.00000 
368509378.00000 334329452.00000 262652770.00000 380720332.00000 366049716.00000 323003431.00000 417039405.00000 333577058.00000 322930810.00000 309148141.00000 331649725.00000 360612645.00000 
397114485.00000 350432462.00000 316364739.00000 375965118.00000 323003431.00000 447838210.00000 402625669.00000 374559427.00000 360592145.00000 305932762.00000 339370159.00000 382721627.00000 
466365863.00000 426471740.00000 345866718.00000 432874355.00000 417039405.00000 402625669.00000 542469349.00000 388761830.00000 403382939.00000 380118240.00000 396030330.00000 472131447.00000 
371443738.00000 371697971.00000 337512163.00000 386924395.00000 333577058.00000 374559427.00000 388761830.00000 429430588.00000 317296121.00000 287519195.00000 322221915.00000 365572239.00000 
356649635.00000 339265395.00000 297715441.00000 321887152.00000 322930810.00000 360592145.00000 403382939.00000 317296121.00000 410539974.00000 314696501.00000 357193716.00000 361617342.00000 
321655182.00000 332122845.00000 243756462.00000 289687363.00000 309148141.00000 305932762.00000 380118240.00000 287519195.00000 314696501.00000 350939918.00000 279510545.00000 279902425.00000 
357814415.00000 331175829.00000 275406642.00000 345958975.00000 331649725.00000 339370159.00000 396030330.00000 322221915.00000 357193716.00000 279510545.00000 363922060.00000 361452596.00000
476816130.00000 371604232.00000 325167059.00000 404911889.00000 360612645.00000 382721627.00000 472131447.00000 365572239.00000 361617342.00000 279902425.00000 361452596.00000 511157179.00000

ABloques
519961913.00000 407509084.00000 315849854.00000 369520842.00000
407509084.00000 421104567.00000 332262693.00000 311137959.00000
315849854.00000 332262693.00000 308602987.00000 283523885.00000
369520842.00000 311137959.00000 283523885.00000 479034444.00000 

ABloques
0.00000 0.00000 0.00000 0.00000
0.00000 0.00000 0.00000 0.00000
0.00000 0.00000 0.00000 0.00000
0.00000 0.00000 0.00000 0.00000

ABloques
0.00000 0.00000 0.00000 0.00000
0.00000 0.00000 0.00000 0.00000
0.00000 0.00000 0.00000 0.00000
0.00000 0.00000 0.00000 0.00000

ABloques
368509378.00000 334329452.00000 262652770.00000 380720332.00000
397114485.00000 350432462.00000 316364739.00000 375965118.00000 
466365863.00000 426471740.00000 345866718.00000 432874355.00000
371443738.00000 371697971.00000 337512163.00000 386924395.00000

ABloques
366049716.00000 323003431.00000 417039405.00000 333577058.00000
323003431.00000 447838210.00000 402625669.00000 374559427.00000
417039405.00000 402625669.00000 542469349.00000 388761830.00000
333577058.00000 374559427.00000 388761830.00000 429430588.00000

ABloques
0.00000 0.00000 0.00000 0.00000
0.00000 0.00000 0.00000 0.00000
0.00000 0.00000 0.00000 0.00000 
0.00000 0.00000 0.00000 0.00000

ABloques
356649635.00000 339265395.00000 297715441.00000 321887152.00000
321655182.00000 332122845.00000 243756462.00000 289687363.00000
357814415.00000 331175829.00000 275406642.00000 345958975.00000
476816130.00000 371604232.00000 325167059.00000 404911889.00000

ABloques
322930810.00000 360592145.00000 403382939.00000 317296121.00000
309148141.00000 305932762.00000 380118240.00000 287519195.00000
331649725.00000 339370159.00000 396030330.00000 322221915.00000
360612645.00000 382721627.00000 472131447.00000 365572239.00000

ABloques
410539974.00000 314696501.00000 357193716.00000 361617342.00000
314696501.00000 350939918.00000 279510545.00000 279902425.00000
357193716.00000 279510545.00000 363922060.00000 361452596.00000
361617342.00000 279902425.00000 361452596.00000 511157179.00000

L11
22802.67337 0.00000 0.00000 0.00000
17871.10999 10086.02968 0.00000 0.00000
13851.43965 8399.94470 6795.69980 0.00000
16205.15437 2135.01879 6051.63983 13238.08015

L11 L11^t= ABloques[0][0] prodParalelo
519961913.00000 407509084.00000 315849854.00000 369520842.00000
407509084.00000 421104567.00000 332262693.00000 311137959.00000
315849854.00000 332262693.00000 308602987.00000 283523885.00000
369520842.00000 311137959.00000 283523885.00000 479034444.00000

L11 L11^t= ABloques[0][0] prodTriangular
519961913.00000 0.00000 0.00000 0.00000
407509084.00000 101727994.61917 0.00000 0.00000
315849854.00000 84722091.53084 46181535.75806 0.00000
369520842.00000 21533862.85858 41125127.58056 175246766.08283

ABloques[0][0]
519961913.00000 407509084.00000 315849854.00000 369520842.00000
407509084.00000 421104567.00000 332262693.00000 311137959.00000
315849854.00000 332262693.00000 308602987.00000 283523885.00000
369520842.00000 311137959.00000 283523885.00000 479034444.00000 

L11^t L11^-t
1.00000 -0.00000 -0.00000 0.00000
0.00000 1.00000 0.00000 -0.00000
0.00000 0.00000 1.00000 -0.00000
0.00000 0.00000 0.00000 1.00000

L11^t
22802.67337 17871.10999 13851.43965 16205.15437
0.00000 10086.02968 8399.94470 2135.01879
0.00000 0.00000 6795.69980 6051.63983
0.00000 0.00000 0.00000 13238.08015

0.000043854507040 -0.000077704383607 0.000006660751538 -0.000044196530006
0.000000000000000 0.000099147041220 -0.000122552450545 0.000040033183754
0.000000000000000 0.000000000000000 0.000147151879803 -0.000067268831040
0.000000000000000 0.000000000000000 0.000000000000000 0.000075539654436
ABloques[1][0]
368509378.00000 334329452.00000 262652770.00000 380720332.00000
397114485.00000 350432462.00000 316364739.00000 375965118.00000 
466365863.00000 426471740.00000 345866718.00000 432874355.00000
371443738.00000 371697971.00000 337512163.00000 386924395.00000

ABloques[1][0] L11^-t productoTriangular
16160.79711 33147.77596 38649.84884 28759.48232
17415.25998 34744.34175 46553.66605 28400.27509
20452.24502 42283.41118 50894.93772 32699.17919
16289.48202 36852.75405 49665.54924 29228.13509

dentro de TRSM L11^t
22802.67337 17871.10999 13851.43965 16205.15437
0.00000 10086.02968 8399.94470 2135.01879 
0.00000 0.00000 6795.69980 6051.63983
0.00000 10086.02968 8399.94470 2135.01879
0.00000 0.00000 6795.69980 6051.63983
0.00000 0.00000 6795.69980 6051.63983
0.00000 0.00000 0.00000 13238.08015

0.000043854507040 -0.000077704383607 0.000006660751538 -0.000044196530006
0.000000000000000 0.000099147041220 -0.000122552450545 0.000040033183754
0.000000000000000 0.000000000000000 0.000147151879803 -0.000067268831040
0.000000000000000 0.000000000000000 0.000000000000000 0.000075539654436
actualizacion
16160.79711 4512.98189 131.50462 8188.57411
17415.25998 3886.80548 6252.39000 3596.63381
20452.24502 6044.73927 1736.12803 5894.39805
16289.48202 7989.94735 6587.14648 4987.81529

TRSM(ABloques[1][0] L11)
16160.79711 4512.98189 131.50462 8188.57411
17415.25998 3886.80548 6252.39000 3596.63381
20452.24502 6044.73927 1736.12803 5894.39805
16289.48202 7989.94735 6587.14648 4987.81529

PS C:\Users\FLORES VILLAR\Desktop\Pc2_Parcial>









